C:\Users\Stanislav\Desktop\Курсач\огры\csv\input\гму_1.csv
               2016          2017          2018          2019          2020  \
count  8.200000e+01  8.200000e+01  8.200000e+01  8.200000e+01  8.200000e+01   
mean   5.553669e+07  5.709909e+07  6.098166e+07  6.472605e+07  6.892612e+07   
std    1.011195e+08  1.028409e+08  1.119278e+08  1.208811e+08  1.309962e+08   
min    8.129264e+06  8.402275e+06  8.904057e+06  9.162613e+06  9.786786e+06   
25%    2.152774e+07  2.203655e+07  2.318380e+07  2.394133e+07  2.516343e+07   
50%    3.006334e+07  3.115840e+07  3.344535e+07  3.497337e+07  3.748648e+07   
75%    5.498375e+07  5.609339e+07  6.041559e+07  6.368380e+07  6.667758e+07   
max    8.485806e+08  8.551278e+08  9.393151e+08  1.012856e+09  1.111050e+09   

               2021  
count  8.200000e+01  
mean   7.338744e+07  
std    1.424737e+08  
min    1.025636e+07  
25%    2.551051e+07  
50%    3.954766e+07  
75%    7.068352e+07  
max    1.212134e+09  