C:\Users\Stanislav\Desktop\Курсач\огры\csv\input\ГостинРест.csv
               2004          2005          2006          2007          2008  \
count  8.000000e+01  8.000000e+01  8.000000e+01  8.000000e+01  8.000000e+01   
mean   1.659795e+06  2.087322e+06  2.708379e+06  3.600723e+06  4.452160e+06   
std    5.157827e+06  5.837071e+06  7.052660e+06  8.801993e+06  9.765814e+06   
min    0.000000e+00  3.600000e+01  1.005330e+04  2.553060e+04  3.356590e+04   
25%    3.072330e+05  3.829865e+05  5.106207e+05  7.457032e+05  9.847798e+05   
50%    6.204613e+05  9.046935e+05  1.119681e+06  1.536173e+06  1.899638e+06   
75%    1.314033e+06  1.690093e+06  2.054693e+06  2.658523e+06  3.291354e+06   
max    4.525408e+07  5.050550e+07  5.957614e+07  7.318872e+07  7.818672e+07   

               2009          2010          2011          2012          2013  \
count  8.000000e+01  8.000000e+01  8.000000e+01  8.000000e+01  8.000000e+01   
mean   4.194267e+06  4.770605e+06  5.693093e+06  6.586789e+06  7.489297e+06   
std    8.601054e+06  9.418948e+06  1.084932e+07  1.240386e+07  1.444476e+07   
min    3.584500e+04  3.911000e+04  4.617800e+04  2.192862e+05  1.913846e+05   
25%    9.442348e+05  1.127330e+06  1.310240e+06  1.455869e+06  1.803128e+06   
50%    1.989138e+06  2.175560e+06  2.742321e+06  3.016028e+06  3.596327e+06   
75%    3.306188e+06  3.697006e+06  4.303446e+06  5.325306e+06  6.791140e+06   
max    6.793038e+07  7.226266e+07  8.151319e+07  9.031554e+07  1.104732e+08   

               2014          2015          2016          2017          2018  \
count  8.200000e+01  8.200000e+01  8.200000e+01  8.200000e+01  8.200000e+01   
mean   8.147735e+06  8.370958e+06  8.965319e+06  9.762239e+06  1.092725e+07   
std    1.639401e+07  1.464264e+07  1.610786e+07  1.780602e+07  2.147540e+07   
min    7.093150e+04  1.424416e+05  1.336740e+05  1.742929e+05  2.391734e+05   
25%    1.862905e+06  2.423571e+06  2.536046e+06  2.624933e+06  2.871116e+06   
50%    3.972779e+06  4.102774e+06  4.616755e+06  4.830523e+06  5.014786e+06   
75%    6.780674e+06  7.527318e+06  8.112439e+06  8.492183e+06  9.074986e+06   
max    1.295802e+08  1.082726e+08  1.184867e+08  1.307767e+08  1.658088e+08   

               2019          2020          2021  
count  8.200000e+01  8.200000e+01  8.200000e+01  
mean   1.153085e+07  9.283267e+06  1.282441e+07  
std    2.131351e+07  1.850314e+07  2.861721e+07  
min    2.306578e+05  2.054832e+05  2.667752e+05  
25%    3.026616e+06  2.637526e+06  3.188381e+06  
50%    5.351190e+06  4.416115e+06  5.554846e+06  
75%    1.010713e+07  8.485885e+06  1.165383e+07  
max    1.592070e+08  1.471434e+08  2.368491e+08  