C:\Users\Stanislav\Desktop\Курсач\огры\csv\input\добыча_пи.csv
               2004          2005          2006          2007          2008  \
count  8.000000e+01  8.000000e+01  8.000000e+01  8.000000e+01  8.000000e+01   
mean   1.973749e+07  2.875578e+07  3.279105e+07  3.706683e+07  4.198232e+07   
std    9.812314e+07  1.489172e+08  1.662317e+08  1.727773e+08  1.850893e+08   
min    0.000000e+00  0.000000e+00  0.000000e+00  0.000000e+00  0.000000e+00   
25%    1.165662e+05  2.049890e+05  2.804153e+05  4.281180e+05  3.938100e+05   
50%    1.107202e+06  1.701374e+06  2.174407e+06  2.401976e+06  2.828379e+06   
75%    7.613871e+06  1.242758e+07  1.168153e+07  1.678388e+07  1.699430e+07   
max    8.723112e+08  1.325896e+09  1.478080e+09  1.528546e+09  1.633493e+09   

               2009          2010          2011          2012          2013  \
count  8.000000e+01  8.000000e+01  8.000000e+01  8.000000e+01  8.000000e+01   
mean   3.861133e+07  4.888104e+07  6.352472e+07  6.966700e+07  7.287224e+07   
std    1.654577e+08  1.892069e+08  2.459234e+08  2.876519e+08  3.005297e+08   
min    0.000000e+00  0.000000e+00  0.000000e+00  0.000000e+00  0.000000e+00   
25%    4.044117e+05  3.717408e+05  6.095512e+05  7.104480e+05  7.796526e+05   
50%    2.646264e+06  3.579219e+06  3.775790e+06  4.384566e+06  5.143262e+06   
75%    1.653119e+07  2.185544e+07  3.199280e+07  3.174086e+07  3.004844e+07   
max    1.450471e+09  1.641711e+09  2.139593e+09  2.520565e+09  2.631835e+09   

               2014          2015          2016          2017          2018  \
count  8.200000e+01  8.200000e+01  8.200000e+01  8.200000e+01  8.200000e+01   
mean   7.658817e+07  8.978218e+07  9.204000e+07  1.103098e+08  1.534162e+08   
std    3.175577e+08  3.684517e+08  3.682230e+08  4.528884e+08  6.333817e+08   
min    0.000000e+00  0.000000e+00  0.000000e+00  0.000000e+00  0.000000e+00   
25%    8.487163e+05  6.865002e+05  8.543557e+05  8.083422e+05  1.017168e+06   
50%    5.432276e+06  5.898672e+06  6.712594e+06  7.033902e+06  7.331864e+06   
75%    2.603929e+07  3.473924e+07  3.696013e+07  4.189754e+07  5.003272e+07   
max    2.802564e+09  3.260931e+09  3.256826e+09  4.014823e+09  5.597121e+09   

               2019          2020          2021  
count  8.200000e+01  8.200000e+01  8.200000e+01  
mean   1.565083e+08  1.196309e+08  2.141911e+08  
std    6.496886e+08  4.602999e+08  8.544914e+08  
min    0.000000e+00  0.000000e+00  0.000000e+00  
25%    9.819208e+05  8.339377e+05  1.119599e+06  
50%    9.405194e+06  9.176225e+06  1.345464e+07  
75%    6.215855e+07  6.787824e+07  1.313121e+08  
max    5.754122e+09  4.062515e+09  7.574822e+09  