C:\Users\Stanislav\Desktop\Курсач\огры\csv\input\здравохренение.csv
               2004          2005          2006          2007          2008  \
count  8.000000e+01  8.000000e+01  8.000000e+01  8.000000e+01  8.000000e+01   
mean   6.035222e+06  7.075957e+06  9.402500e+06  1.184352e+07  1.484936e+07   
std    7.648452e+06  9.557872e+06  1.338571e+07  1.806963e+07  2.332568e+07   
min    0.000000e+00  5.260604e+05  7.123017e+05  1.010800e+06  1.283719e+06   
25%    2.279000e+06  2.667194e+06  3.385752e+06  4.154981e+06  5.275533e+06   
50%    3.541169e+06  3.987361e+06  5.248775e+06  6.570584e+06  8.484775e+06   
75%    6.644244e+06  8.044092e+06  1.022741e+07  1.262575e+07  1.516943e+07   
max    5.492478e+07  6.970997e+07  1.012949e+08  1.409156e+08  1.845270e+08   

               2009          2010          2011          2012          2013  \
count  8.000000e+01  8.000000e+01  8.000000e+01  8.000000e+01  8.000000e+01   
mean   1.671845e+07  1.761372e+07  2.123138e+07  2.465254e+07  2.851536e+07   
std    2.753986e+07  3.056595e+07  3.678818e+07  4.329150e+07  4.757892e+07   
min    1.511939e+06  1.596540e+06  1.874259e+06  2.066630e+06  2.370818e+06   
25%    6.064698e+06  6.176049e+06  7.724644e+06  8.708720e+06  1.057212e+07   
50%    9.726380e+06  1.020325e+07  1.198579e+07  1.395478e+07  1.573797e+07   
75%    1.724758e+07  1.758710e+07  2.199434e+07  2.484916e+07  2.912080e+07   
max    2.245195e+08  2.516521e+08  3.023520e+08  3.575732e+08  3.884717e+08   

               2014          2015          2016          2017          2018  \
count  8.200000e+01  8.200000e+01  8.200000e+01  8.200000e+01  8.200000e+01   
mean   3.086921e+07  3.253193e+07  3.351632e+07  3.604202e+07  4.283289e+07   
std    5.096249e+07  5.348885e+07  5.341546e+07  5.836215e+07  6.909648e+07   
min    2.732654e+06  2.805007e+06  2.907578e+06  3.046041e+06  3.780893e+06   
25%    1.120055e+07  1.197755e+07  1.261523e+07  1.379281e+07  1.601961e+07   
50%    1.712090e+07  1.748871e+07  1.813732e+07  1.972944e+07  2.375671e+07   
75%    3.077638e+07  3.267505e+07  3.312436e+07  3.424114e+07  4.456791e+07   
max    4.164240e+08  4.305536e+08  4.176051e+08  4.544388e+08  5.414639e+08   

               2019          2020          2021  
count  8.200000e+01  8.200000e+01  8.200000e+01  
mean   4.692245e+07  5.308100e+07  5.595671e+07  
std    7.796672e+07  8.922528e+07  9.830013e+07  
min    4.341601e+06  5.379194e+06  5.208736e+06  
25%    1.707149e+07  1.880554e+07  1.920692e+07  
50%    2.592195e+07  2.948655e+07  3.092128e+07  
75%    4.819077e+07  5.551295e+07  5.691332e+07  
max    6.184132e+08  7.110572e+08  7.933311e+08  