C:\Users\Stanislav\Desktop\Курсач\огры\csv\input\недвижимость.csv
               2004          2005          2006          2007          2008  \
count  8.000000e+01  8.000000e+01  8.000000e+01  8.000000e+01  8.000000e+01   
mean   1.509337e+07  2.031803e+07  2.596251e+07  3.446450e+07  4.403975e+07   
std    4.853578e+07  7.508073e+07  9.442809e+07  1.333711e+08  1.732510e+08   
min    0.000000e+00  1.895745e+05  7.447650e+04  2.033748e+05  2.963522e+05   
25%    1.867798e+06  2.389405e+06  3.217854e+06  4.424327e+06  5.541707e+06   
50%    4.837436e+06  5.764117e+06  8.083507e+06  1.012576e+07  1.253768e+07   
75%    1.125839e+07  1.339897e+07  1.813052e+07  2.177070e+07  2.724132e+07   
max    4.214625e+08  6.628171e+08  8.336908e+08  1.182100e+09  1.530927e+09   

               2009          2010          2011          2012          2013  \
count  8.000000e+01  8.000000e+01  8.000000e+01  8.000000e+01  8.000000e+01   
mean   4.685223e+07  5.358070e+07  6.307065e+07  7.390048e+07  8.029797e+07   
std    1.820073e+08  1.925099e+08  2.167179e+08  2.571599e+08  2.656824e+08   
min    4.675681e+05  7.475080e+05  6.561552e+05  5.941875e+05  7.838124e+05   
25%    5.551880e+06  7.419620e+06  8.622918e+06  9.921504e+06  1.161237e+07   
50%    1.343003e+07  1.791167e+07  2.077516e+07  2.353708e+07  2.609541e+07   
75%    2.940344e+07  3.331601e+07  3.917483e+07  4.757578e+07  5.108371e+07   
max    1.603647e+09  1.682628e+09  1.889450e+09  2.246750e+09  2.304301e+09   

               2014          2015          2016          2017          2018  \
count  8.200000e+01  8.200000e+01  8.200000e+01  8.200000e+01  8.200000e+01   
mean   8.566771e+07  1.089273e+08  9.759643e+07  1.037788e+08  1.102729e+08   
std    2.916315e+08  3.706398e+08  2.483820e+08  2.722890e+08  2.836478e+08   
min    8.007596e+05  1.109943e+06  7.123927e+05  8.561588e+05  1.079549e+06   
25%    1.103317e+07  1.467373e+07  2.154849e+07  2.371117e+07  2.445201e+07   
50%    2.853609e+07  3.293767e+07  4.195161e+07  4.459259e+07  4.715372e+07   
75%    5.226520e+07  6.818496e+07  7.407443e+07  7.904605e+07  8.244193e+07   
max    2.566227e+09  3.236969e+09  2.050736e+09  2.288962e+09  2.363276e+09   

               2019          2020          2021  
count  8.200000e+01  8.200000e+01  8.200000e+01  
mean   1.169552e+08  1.256142e+08  1.548248e+08  
std    2.927528e+08  3.190466e+08  4.153449e+08  
min    1.002936e+06  1.460647e+06  1.608667e+06  
25%    2.643882e+07  2.849341e+07  3.548048e+07  
50%    5.502492e+07  5.358256e+07  6.335512e+07  
75%    8.908231e+07  9.129602e+07  1.145707e+08  
max    2.424726e+09  2.644921e+09  3.410066e+09  