C:\Users\Stanislav\Desktop\Курсач\огры\csv\input\обработка.csv
               2004          2005          2006          2007          2008  \
count  8.000000e+01  8.000000e+01  8.000000e+01  8.000000e+01  8.000000e+01   
mean   3.585890e+07  4.169433e+07  5.246919e+07  6.863592e+07  8.171044e+07   
std    5.479379e+07  6.795379e+07  8.747200e+07  1.331023e+08  1.477245e+08   
min    0.000000e+00  1.157100e+05  1.449940e+05  2.490960e+05  2.119840e+05   
25%    6.543529e+06  8.116510e+06  1.017580e+07  1.255370e+07  1.461684e+07   
50%    1.638125e+07  1.963045e+07  2.387388e+07  3.133015e+07  3.602473e+07   
75%    3.672216e+07  4.394199e+07  5.093263e+07  6.175991e+07  8.595739e+07   
max    3.746170e+08  4.993550e+08  6.167876e+08  1.044915e+09  1.159515e+09   

               2009          2010          2011          2012          2013  \
count  8.000000e+01  8.000000e+01  8.000000e+01  8.000000e+01  8.000000e+01   
mean   6.824841e+07  8.323434e+07  1.007683e+08  1.080782e+08  1.166377e+08   
std    1.266604e+08  1.423243e+08  1.670727e+08  1.799691e+08  2.187427e+08   
min    1.672890e+05  3.428750e+05  2.505620e+05  1.128592e+05  1.078741e+05   
25%    1.478738e+07  1.754534e+07  2.062495e+07  2.021992e+07  2.374723e+07   
50%    3.119968e+07  3.821380e+07  4.892578e+07  5.257347e+07  5.564564e+07   
75%    7.355731e+07  8.963373e+07  1.035293e+08  1.061528e+08  1.087823e+08   
max    1.003216e+09  1.069052e+09  1.227512e+09  1.341711e+09  1.757475e+09   

               2014          2015          2016          2017          2018  \
count  8.200000e+01  8.200000e+01  8.200000e+01  8.200000e+01  8.200000e+01   
mean   1.188379e+08  1.381566e+08  1.427617e+08  1.586535e+08  1.886710e+08   
std    1.942862e+08  2.247952e+08  2.222747e+08  2.684992e+08  3.659647e+08   
min    9.963460e+04  4.074886e+05  3.046201e+05  3.186972e+05  2.126762e+05   
25%    1.833881e+07  2.298562e+07  2.537702e+07  2.666395e+07  3.083510e+07   
50%    5.531973e+07  6.594993e+07  6.901255e+07  7.490950e+07  8.029319e+07   
75%    1.287815e+08  1.473926e+08  1.490767e+08  1.626211e+08  1.935483e+08   
max    1.473671e+09  1.691233e+09  1.586063e+09  2.031744e+09  2.975992e+09   

               2019          2020          2021  
count  8.200000e+01  8.200000e+01  8.200000e+01  
mean   1.951979e+08  1.960119e+08  2.560605e+08  
std    3.845249e+08  3.542731e+08  4.792611e+08  
min    3.066806e+05  2.818767e+05  2.660165e+05  
25%    3.129936e+07  3.805278e+07  4.298455e+07  
50%    9.257814e+07  9.501131e+07  1.107188e+08  
75%    1.988487e+08  2.193922e+08  2.759030e+08  
max    3.097797e+09  2.711441e+09  3.805420e+09  