C:\Users\Stanislav\Desktop\Курсач\огры\csv\input\образование.csv
               2004          2005          2006          2007          2008  \
count  8.000000e+01  8.000000e+01  8.000000e+01  8.000000e+01  8.000000e+01   
mean   4.981792e+06  6.278051e+06  7.615367e+06  9.567449e+06  1.205470e+07   
std    6.025338e+06  8.191409e+06  1.026623e+07  1.384483e+07  1.803340e+07   
min    0.000000e+00  6.581504e+05  7.975369e+05  9.002787e+05  1.078881e+06   
25%    1.990046e+06  2.491671e+06  3.121552e+06  3.704138e+06  4.677019e+06   
50%    3.128612e+06  3.812787e+06  4.586979e+06  5.378089e+06  6.799752e+06   
75%    5.978168e+06  7.176878e+06  8.531070e+06  1.065743e+07  1.276166e+07   
max    4.624556e+07  6.289060e+07  8.073828e+07  1.111809e+08  1.467386e+08   

               2009          2010          2011          2012          2013  \
count  8.000000e+01  8.000000e+01  8.000000e+01  8.000000e+01  8.000000e+01   
mean   1.397480e+07  1.423380e+07  1.642537e+07  1.946935e+07  2.275937e+07   
std    2.193289e+07  2.371268e+07  2.653119e+07  3.183466e+07  3.485291e+07   
min    1.241302e+06  1.245927e+06  1.382756e+06  1.742505e+06  1.977912e+06   
25%    5.686949e+06  5.552637e+06  6.378012e+06  7.240574e+06  8.720633e+06   
50%    7.663032e+06  7.720345e+06  8.927829e+06  1.063636e+07  1.244804e+07   
75%    1.481305e+07  1.560651e+07  1.758368e+07  2.091312e+07  2.456684e+07   
max    1.818907e+08  1.991331e+08  2.199271e+08  2.649071e+08  2.846886e+08   

               2014          2015          2016          2017          2018  \
count  8.200000e+01  8.200000e+01  8.200000e+01  8.200000e+01  8.200000e+01   
mean   2.400787e+07  2.487284e+07  2.566433e+07  2.803902e+07  3.178466e+07   
std    3.604148e+07  3.668023e+07  3.878275e+07  4.330289e+07  5.049711e+07   
min    1.756753e+06  2.042029e+06  2.083431e+06  2.268250e+06  2.642179e+06   
25%    8.915819e+06  9.275905e+06  9.468109e+06  1.033921e+07  1.168332e+07   
50%    1.343956e+07  1.392880e+07  1.437198e+07  1.546403e+07  1.751154e+07   
75%    2.517542e+07  2.635789e+07  2.667497e+07  2.814711e+07  3.216027e+07   
max    2.926522e+08  2.921567e+08  3.071267e+08  3.441610e+08  4.073418e+08   

               2019          2020          2021  
count  8.200000e+01  8.200000e+01  8.200000e+01  
mean   3.413347e+07  3.598508e+07  3.994643e+07  
std    5.312378e+07  5.725059e+07  6.579965e+07  
min    2.834253e+06  2.921734e+06  3.208549e+06  
25%    1.241597e+07  1.276264e+07  1.441097e+07  
50%    1.890763e+07  2.018998e+07  2.254184e+07  
75%    3.385730e+07  3.393678e+07  3.770148e+07  
max    4.221391e+08  4.574410e+08  5.318829e+08  