C:\Users\Stanislav\Desktop\Курсач\огры\csv\input\торгаши.csv
               2004          2005          2006          2007          2008  \
count  8.000000e+01  8.000000e+01  8.000000e+01  8.000000e+01  8.000000e+01   
mean   3.360343e+07  4.906616e+07  6.165753e+07  7.462741e+07  8.843012e+07   
std    1.316883e+08  2.069223e+08  2.642696e+08  2.951248e+08  3.694850e+08   
min    0.000000e+00  7.245640e+05  9.708394e+05  1.267284e+06  1.636189e+06   
25%    6.293602e+06  7.181644e+06  9.363923e+06  1.214329e+07  1.435594e+07   
50%    1.287091e+07  1.482886e+07  1.741821e+07  2.175989e+07  2.442880e+07   
75%    2.225902e+07  2.886650e+07  3.621949e+07  4.614864e+07  5.336467e+07   
max    1.178930e+09  1.834283e+09  2.352106e+09  2.621218e+09  3.295041e+09   

               2009          2010          2011          2012          2013  \
count  8.000000e+01  8.000000e+01  8.000000e+01  8.000000e+01  8.000000e+01   
mean   7.453132e+07  9.160159e+07  1.101905e+08  1.138092e+08  1.250819e+08   
std    2.691315e+08  3.512163e+08  4.328505e+08  3.967367e+08  4.470818e+08   
min    1.762297e+06  1.524910e+06  1.851833e+06  2.315942e+06  3.193996e+06   
25%    1.450213e+07  1.629630e+07  1.886201e+07  2.067932e+07  2.235606e+07   
50%    2.444094e+07  3.024093e+07  3.412822e+07  3.773225e+07  4.122676e+07   
75%    5.530611e+07  6.535164e+07  7.701783e+07  8.392540e+07  8.715381e+07   
max    2.394531e+09  3.131153e+09  3.856160e+09  3.510566e+09  3.970368e+09   

               2014          2015          2016          2017          2018  \
count  8.200000e+01  8.200000e+01  8.200000e+01  8.200000e+01  8.200000e+01   
mean   1.390141e+08  1.427484e+08  1.427416e+08  1.518526e+08  1.600048e+08   
std    5.260419e+08  4.918513e+08  4.717614e+08  5.275197e+08  5.595465e+08   
min    3.392520e+06  3.932832e+06  3.233428e+06  3.877500e+06  4.053413e+06   
25%    2.331921e+07  2.724262e+07  2.579789e+07  2.619418e+07  2.663946e+07   
50%    4.587460e+07  4.784891e+07  4.883225e+07  5.198886e+07  5.500184e+07   
75%    9.572716e+07  1.032352e+08  9.924760e+07  1.084073e+08  1.133344e+08   
max    4.739152e+09  4.378162e+09  4.165541e+09  4.702188e+09  4.985289e+09   

               2019          2020          2021  
count  8.200000e+01  8.200000e+01  8.200000e+01  
mean   1.635895e+08  1.566999e+08  2.138018e+08  
std    5.611020e+08  5.322307e+08  6.538231e+08  
min    4.496828e+06  3.743949e+06  4.341984e+06  
25%    2.959090e+07  2.899561e+07  3.314393e+07  
50%    5.621623e+07  5.925843e+07  6.567705e+07  
75%    1.205856e+08  1.144753e+08  1.433695e+08  
max    4.984030e+09  4.717848e+09  4.516645e+09  